内 4 0 2 2 7
分 8 0 2 2 7
泌 3 3 1 0 4
代 2 3 2 4 0
谢 3 4 7 0 0
论 3 8 7 1 2
坛 4 1 1 3 2
病 0 0 1 2 7
科 2 4 9 0 0
上 2 1 1 0 0
海 3 8 1 5 7
市 0 0 2 2 7
临 2 8 0 6 3
床 0 0 2 9 4
医 7 1 7 1 8
学 9 0 4 0 7
中 5 0 0 0 6
心 3 3 0 0 0
研 1 1 6 4 0
究 3 0 4 1 7
所 7 2 2 2 1
徐 2 8 2 9 4
瑜 1 8 1 2 1
毕 2 2 4 0 1
宇 3 0 4 0 1
芳 4 4 2 2 7
王 1 0 1 0 4
卫 1 7 1 0 2
庆 0 0 2 8 4
宁 3 0 2 0 1
光 9 0 2 1 2
国 6 0 1 0 3
疾 0 0 1 8 4
预 1 1 2 8 2
防 7 0 2 2 7
控 5 3 0 1 2
制 2 2 2 0 0
赵 4 4 8 0 0
文 0 0 4 0 0
华 2 4 4 0 1
成 5 3 2 0 0
人 8 0 0 0 0
糖 9 0 9 6 5
尿 7 7 2 9 2
流 3 0 1 1 2
行 2 1 2 2 1
与 2 1 1 2 7
现 1 7 1 1 2
状 3 3 1 8 4
年 8 0 5 0 0
慢 9 6 0 4 7
监 2 8 1 0 2
测 3 2 1 0 0
暨 7 1 1 0 6
专 5 0 3 0 2
题 6 1 8 0 8
调 3 7 7 2 0
查 4 0 1 0 6
报 5 7 0 4 7
告 2 4 6 0 1
解 2 7 2 5 2
读 3 4 7 8 4
提 5 6 0 8 1
要 1 0 4 0 4
交 0 0 4 0 8
通 3 7 3 0 2
大 4 0 8 0 0
院 7 3 2 1 2
附 7 4 2 0 0
属 7 7 2 2 7
瑞 1 2 1 2 7
金 8 0 1 0 9
在 4 0 2 1 4
合 8 0 6 0 1
作 2 8 2 1 1
开 1 0 4 4 0
展 7 7 2 3 2
了 1 7 2 0 7
并 8 0 4 4 1
于 1 0 4 0 0
月 7 7 2 2 0
美 8 0 8 0 4
会 8 0 7 3 2
杂 4 0 9 0 4
志 4 0 3 3 1
发 2 3 4 0 7
表 5 0 7 3 2
关 8 0 8 0 4
键 8 5 7 4 0
词 3 7 7 2 0
随 7 4 2 3 2
着 8 0 6 0 5
我 2 3 5 5 0
社 3 4 2 1 0
经 2 7 1 1 2
济 3 0 1 2 4
的 2 7 6 2 0
和 2 6 9 0 0
们 2 7 2 2 0
生 2 5 1 0 0
活 3 2 1 6 4
方 0 0 2 2 7
式 4 3 1 0 0
改 1 8 7 4 0
变 0 0 4 0 7
以 2 8 7 0 0
脑 7 0 2 7 2
血 2 7 1 0 2
管 8 8 7 7 7
恶 1 0 3 3 1
性 9 5 0 1 0
肿 7 5 2 0 6
瘤 0 0 1 6 2
阻 7 7 2 1 2
塞 3 0 1 0 4
肺 7 5 2 2 7
部 0 7 6 2 7
等 8 8 3 4 1
为 3 4 0 2 7
主 0 0 1 0 4
非 1 1 1 1 1
传 2 5 2 3 2
染 3 4 9 0 4
已 1 7 7 1 7
影 6 2 9 2 2
响 6 7 0 2 0
居 7 7 2 6 4
民 7 7 7 4 7
健 2 5 2 4 0
康 0 0 2 9 9
严 1 0 2 0 1
重 2 0 1 0 5
挑 5 2 0 1 3
战 2 3 6 5 0
因 6 0 8 0 4
此 2 2 1 1 0
获 4 4 2 8 4
得 2 6 2 4 1
具 7 7 8 0 1
有 4 0 2 2 7
全 8 0 1 0 4
患 5 0 3 3 6
率 0 0 4 0 3
数 9 8 4 4 0
据 5 7 0 6 4
及 1 7 2 4 7
其 4 4 8 0 1
龄 2 8 7 3 2
别 6 2 4 0 0
地 4 4 1 1 2
域 4 3 1 5 0
布 4 0 2 2 7
将 3 7 1 4 2
助 7 4 1 2 7
家 3 0 2 3 2
定 3 0 8 0 1
策 8 8 9 0 2
略 6 7 0 6 4
从 8 8 0 0 0
而 1 0 2 2 7
针 8 4 7 0 0
对 7 4 4 0 0
选 3 4 3 0 1
择 5 7 0 5 4
高 0 0 2 2 7
危 2 7 2 1 2
群 1 8 6 5 1
效 0 8 4 4 0
利 2 2 9 0 0
用 7 7 2 2 0
资 3 7 8 0 2
源 3 1 1 9 6
是 6 0 8 0 1
险 7 8 2 1 9
素 5 0 9 0 3
相 4 6 9 0 0
比 2 2 7 1 0
世 4 4 7 1 7
界 6 0 2 2 8
范 4 4 1 1 2
围 6 0 5 2 7
由 5 0 6 0 0
引 1 2 2 0 0
起 4 7 8 0 1
死 1 0 2 1 2
亡 0 0 7 1 0
倍 2 0 2 6 1
增 4 8 1 6 6
达 3 4 3 0 8
到 1 2 1 0 0
万 1 0 2 2 7
呈 6 0 1 0 4
趋 4 7 8 0 7
势 5 5 4 2 7
际 7 1 2 9 1
联 1 8 4 8 4
盟 6 7 1 0 2
第 8 8 2 2 7
六 0 0 8 0 0
版 2 2 0 4 7
图 6 0 3 0 3
估 2 4 2 6 0
球 1 3 1 9 9
者 4 4 6 0 0
亿 2 7 2 1 0
来 5 0 9 0 0
自 2 6 0 0 0
低 2 2 2 4 0
收 2 8 7 4 0
入 8 0 0 0 0
近 3 2 3 0 2
几 7 7 2 1 0
长 4 2 7 3 0
迅 3 7 3 0 1
速 3 5 3 0 9
加 4 6 0 0 0
至 1 0 1 0 4
虽 6 0 1 3 6
然 2 3 3 3 8
各 2 7 6 0 4
次 3 7 1 8 2
采 2 0 9 0 4
诊 3 8 7 2 2
断 2 2 7 2 1
标 4 1 9 9 1
准 3 0 1 1 5
不 1 0 9 0 0
尽 7 7 3 0 3
同 7 7 2 2 0
但 2 6 2 1 0
正 1 0 1 0 1
这 3 0 3 0 4
一 1 0 0 0 0
事 5 0 0 0 7
实 3 0 8 0 4
毋 7 7 5 5 0
庸 0 0 2 2 7
置 6 0 1 0 2
疑 2 7 8 8 1
之 3 0 3 0 2
写 3 7 1 2 7
疗 0 0 1 2 7
指 5 2 0 6 1
南 4 0 2 2 7
往 2 0 2 1 4
均 4 7 1 2 0
未 5 0 9 0 0
进 3 5 3 0 0
检 4 8 9 1 9
无 1 0 4 1 2
法 3 4 1 3 2
根 4 7 9 3 2
情 9 5 0 2 7
况 3 6 1 1 2
也 4 4 7 1 2
良 3 0 7 3 2
好 4 7 4 4 7
义 4 0 0 0 3
结 2 4 1 6 1
果 6 0 9 0 4
日 6 0 1 0 0
样 4 8 9 5 1
本 5 0 2 3 0
系 2 0 9 0 3
统 2 0 1 1 2
个 8 0 2 0 0
点 2 1 3 3 6
基 4 4 1 0 4
础 1 2 6 7 2
覆 1 0 2 4 7
盖 8 0 1 0 2
陆 7 5 2 7 2
省 9 0 6 0 2
直 4 0 1 0 2
辖 4 3 5 6 5
治 3 3 1 6 0
区 7 1 7 1 4
多 2 7 2 0 7
阶 7 8 2 2 0
段 7 7 4 4 7
层 7 7 2 3 2
整 5 8 1 0 1
抽 5 5 0 6 0
取 1 7 4 4 0
住 2 0 2 1 4
时 6 4 0 0 0
间 3 7 6 0 1
岁 2 2 2 0 7
旨 2 2 6 0 1
最 6 0 4 4 7
终 2 7 1 3 3
参 2 3 2 0 2
总 8 0 3 3 6
体 2 5 2 3 0
应 0 0 2 1 9
答 8 8 6 0 1
象 2 7 2 3 2
空 3 0 1 0 2
腹 7 8 2 4 7
史 5 0 0 0 6
口 6 0 0 0 0
服 7 7 2 4 7
葡 4 4 2 2 7
萄 4 4 7 2 7
耐 1 4 2 0 0
量 6 0 1 0 5
试 3 3 7 4 0
验 7 8 1 1 9
前 8 0 2 2 1
期 4 7 8 2 0
依 2 0 2 3 2
首 8 0 6 0 2
新 0 2 9 2 1
除 7 8 2 9 4
外 2 3 2 0 0
显 6 0 1 0 2
示 1 0 9 0 1
可 1 0 6 2 0
信 2 0 2 6 1
限 7 7 2 3 2
下 1 0 2 3 0
男 6 0 4 2 7
女 4 0 4 0 0
既 7 1 7 1 2
确 1 7 6 2 7
老 4 4 7 1 2
城 4 3 1 5 0
较 4 0 5 4 8
接 5 0 0 4 4
受 2 0 4 0 7
或 5 3 1 0 0
降 7 7 2 5 4
药 4 4 1 2 7
物 2 7 5 2 0
述 3 3 3 0 9
推 5 0 0 1 5
目 6 0 1 0 1
能 2 2 2 1 2
公 8 0 7 3 2
共 4 4 8 0 1
问 3 7 6 0 1
更 1 0 5 0 6
早 6 0 4 0 0
需 1 0 2 2 7
出 2 2 7 7 2
候 2 7 2 8 4
必 3 3 0 0 4
须 2 1 2 8 2
考 4 4 0 2 7
虑 2 1 2 3 1
历 7 1 2 2 7
例 2 2 2 0 0
如 4 6 4 0 0
使 2 5 2 0 6
初 3 7 2 2 0
筛 8 8 2 2 7
阳 7 6 2 0 0
餐 2 7 7 3 2
后 7 2 2 6 1
凡 7 7 2 1 0
当 9 0 1 7 7
尚 9 0 2 2 7
缺 8 5 7 8 0
乏 2 0 3 0 2
该 3 0 7 8 2
协 4 4 0 3 0
组 2 7 1 1 2
兰 8 0 1 0 1
州 3 2 0 0 0
议 3 4 7 0 3
暂 4 2 6 0 2
切 4 7 7 2 0
毛 2 0 7 1 4
细 2 6 1 0 0
织 2 6 1 8 0
即 7 7 7 2 0
营 4 4 6 0 6
养 8 0 2 2 8
又 7 7 4 0 0
特 2 4 5 4 1
步 2 1 2 0 1
原 7 1 2 9 6
继 2 9 1 1 9
续 2 4 1 8 4
沿 3 7 1 6 1
则 7 2 8 0 0
似 2 8 2 0 0
液 3 0 1 4 7
红 2 1 1 1 2
胞 7 7 2 1 2
蛋 1 7 1 3 6
白 2 6 0 0 0
产 0 0 2 0 1
反 7 2 2 4 7
映 6 5 0 8 0
平 1 0 4 0 9
浆 3 7 9 0 2
浓 3 4 1 3 2
度 0 0 2 4 7
被 3 4 2 4 7
评 3 1 7 4 9
化 2 4 2 1 0
完 3 0 2 1 2
善 8 0 6 0 1
委 2 0 4 0 4
员 6 0 8 0 2
荐 4 4 2 4 7
冶 3 3 1 6 0
咨 3 7 6 0 8
询 3 7 7 2 0
明 6 7 0 2 0
种 2 5 9 0 6
症 0 0 1 1 1
存 4 0 2 4 7
密 3 0 7 7 2
干 1 0 4 0 0
风 7 7 2 1 0
态 4 0 3 3 3
且 7 7 1 0 2
仅 2 7 2 4 0
道 3 8 3 0 6
差 8 0 1 0 2
损 5 6 0 8 2
先 2 4 2 1 2
常 9 0 2 2 7
归 2 7 0 7 0
类 9 0 8 0 4
强 1 6 2 3 6
视 3 7 2 1 2
逐 3 1 3 0 3
渐 3 2 1 2 1
弃 0 0 4 4 3
业 3 2 1 0 0
术 4 3 9 0 0
语 3 1 7 6 1
那 1 7 5 2 7
些 2 2 1 0 1
异 7 7 4 4 1
尤 4 3 0 1 2
水 1 2 9 0 0
线 2 3 1 5 0
没 3 7 1 4 7
拐 5 6 0 2 7
仍 2 7 2 2 7
升 2 4 4 0 0
延 1 2 4 0 1
缓 2 2 1 4 7
甚 4 4 7 1 8
知 8 6 8 0 0
晓 6 5 0 1 2
维 2 0 1 1 5
持 5 4 0 4 1
面 1 0 6 0 2
却 4 7 7 2 0
亦 0 0 2 3 0
占 2 1 6 0 0
每 8 0 7 5 7
身 2 7 4 0 0
任 2 2 2 1 4
何 2 1 2 2 0
包 2 7 7 1 2
括 5 2 0 6 4
认 3 8 7 0 0
鉴 2 8 1 0 9
半 9 0 5 0 0
见 7 7 2 1 2
工 1 0 1 0 2
峻 2 3 7 4 7
肾 2 7 2 2 7
失 2 5 8 0 0
截 4 3 2 5 0
肢 7 4 2 4 7
庭 0 0 2 4 1
带 4 4 2 2 7
极 4 7 9 4 7
负 2 7 8 0 2
担 5 6 0 1 0
还 3 1 3 0 9
癌 0 0 1 7 2
功 1 4 1 2 7
障 7 0 2 4 6
碍 1 6 6 4 1
著 4 4 6 0 4
言 0 0 6 0 1
难 7 0 4 1 5
巨 7 1 7 1 7
支 4 0 4 0 7
力 4 0 0 2 7
坚 2 7 1 0 4
冲 3 5 1 0 6
击 5 0 7 7 2
角 2 7 2 2 7
广 0 0 2 0 0
众 8 0 8 8 0
够 2 7 6 2 7
另 6 0 4 2 7
泛 3 2 1 3 2
向 2 7 2 2 0
教 4 8 4 4 0
育 0 0 2 2 7
促 2 6 2 8 1
动 1 4 7 2 7
注 3 0 1 1 4
施 0 8 2 1 2
积 2 6 9 8 0
减 3 3 1 5 0
少 9 0 2 0 0
热 5 5 3 3 1
脂 7 2 2 6 1
肪 7 0 2 2 7
盐 4 3 1 0 2
饮 2 7 7 8 2
食 8 0 7 3 2
吃 6 8 0 1 7
鲜 2 8 1 5 1
蔬 4 4 1 1 2
菜 4 4 9 0 4
含 8 0 6 0 2
纤 2 2 1 4 0
饱 2 7 7 1 2
酸 1 3 6 4 7
碳 1 2 6 8 9
料 9 4 9 0 0
摄 5 1 0 4 7
戒 5 3 4 0 0
烟 9 6 8 0 0
适 3 2 3 0 6
超 4 7 8 0 6
肥 7 7 2 1 7
胖 7 9 2 5 0
族 0 8 2 8 4
努 4 7 4 2 7
创 8 2 7 0 0
造 3 4 3 0 6
环 1 1 1 9 0
境 4 0 1 1 2
意 0 0 3 3 6
识 3 6 7 8 0
鼓 4 4 1 4 7
励 7 4 2 2 7
理 1 6 1 1 5
务 2 7 4 2 7
才 4 0 2 0 0
做 2 8 2 4 0
项 1 1 1 8 2
局 7 7 2 2 7
申 5 0 0 0 6
综 2 3 1 9 1
思 6 0 3 3 0
曲 5 5 6 0 0
伸 2 5 2 0 6
灏 3 1 1 8 2
炎 9 0 8 0 9
按 5 3 0 4 4
唯 6 0 0 1 5
满 3 4 1 2 7
足 6 0 8 0 1
判 9 2 5 0 0
概 4 1 9 1 2
念 8 0 3 3 2
建 1 5 4 0 0
迥 3 7 3 0 2
转 4 5 5 3 2
节 4 4 2 2 7
单 8 0 5 0 6
纯 2 5 1 1 7
践 6 3 1 5 0
过 3 4 3 0 0
形 1 2 4 2 2
色 2 7 7 1 7
观 7 7 4 1 2
察 3 0 9 0 1
征 2 1 2 1 1
皮 4 0 2 4 7
肤 7 5 2 8 0
辩 0 0 4 4 1
证 3 1 7 1 1
把 5 7 0 1 7
两 1 0 2 2 7
子 1 7 4 0 7
黄 4 4 8 0 6
膏 0 0 2 2 7
贵 5 0 8 0 2
黑 6 0 3 3 1
肉 4 0 2 2 7
望 0 7 1 0 4
抛 5 4 0 1 2
砖 1 5 6 3 2
玉 1 0 1 0 3
师 2 1 0 2 7
去 4 0 7 3 2
案 3 0 9 0 4
忆 9 7 0 1 0
爷 8 0 2 2 7
培 4 0 1 6 1
喻 6 8 0 2 1
乎 2 0 4 0 9
胡 4 7 6 2 0
穷 3 0 4 2 7
昙 6 0 7 3 2
花 4 4 2 1 4
屡 7 7 2 4 4
退 3 7 3 0 3
场 4 7 1 2 7
复 8 0 4 0 7
司 1 7 6 2 0
紊 0 0 9 0 3
乱 2 2 6 1 0
仁 2 1 2 1 0
悖 9 4 0 4 7
突 3 0 8 0 4
破 1 4 6 4 7
消 3 9 1 2 7
耗 5 2 9 1 4
衡 2 1 2 2 1
放 0 8 2 4 0
四 6 0 2 1 2
皆 2 2 6 0 2
遗 3 5 3 0 8
审 3 0 5 0 6
订 3 1 7 2 0
杜 4 4 9 1 0
绝 2 7 1 1 7
骤 7 7 1 3 2
型 1 2 1 0 4
书 5 3 0 2 7
十 4 0 0 0 0
程 2 6 9 1 4
很 2 7 2 3 2
快 9 5 0 8 0
俭 2 8 2 1 9
说 3 8 7 1 2
土 4 0 1 0 0
壤 4 0 1 3 2
剩 2 2 9 0 0
追 3 7 3 0 7
赶 4 1 8 0 4
枢 4 1 9 1 4
丘 7 2 1 0 2
棕 4 3 9 9 1
菌 4 4 6 0 0
胆 7 6 2 1 0
汁 3 4 1 0 0
溢 3 8 1 1 2
位 2 0 2 1 8
都 4 7 6 2 7
释 2 7 9 5 4
宏 3 0 7 3 2
讲 3 5 7 0 0
微 2 8 2 4 0
粒 9 0 9 1 8
激 3 8 1 4 0
稳 2 7 9 3 7
导 7 7 3 4 1
致 1 8 1 4 0
神 3 5 2 0 6
免 2 7 4 1 2
疫 0 0 1 4 7
网 7 7 2 2 0
络 2 7 1 6 4
始 4 3 4 6 0
供 2 4 2 8 1
帮 5 7 2 2 7
探 5 7 0 9 4
讨 3 4 7 0 0
周 7 7 2 2 0
价 2 8 2 2 0
值 2 4 2 1 2
偱 2 2 2 6 4
矢 8 0 8 0 4
二 1 0 1 0 0
路 6 7 1 6 4
待 2 4 2 4 1
处 2 3 4 0 0
三 1 0 1 0 1
亚 1 0 1 0 2
列 1 2 2 0 0
话 3 2 7 6 4
就 0 3 9 1 2
易 6 0 2 2 7
肝 7 1 2 4 0
沉 3 7 1 1 7
压 7 1 2 1 3
涵 3 7 1 7 2
称 2 7 9 9 2
欧 7 7 7 8 2
洲 3 2 1 0 0
润 3 7 1 2 0
滑 3 7 1 2 7
弹 1 8 2 5 6
腰 7 1 2 4 4
臀 7 7 2 2 7
伴 2 9 2 5 0
运 3 1 3 0 3
骨 7 7 2 2 7
逆 3 8 3 0 4
精 9 5 9 2 7
紧 2 7 9 0 3
阴 7 7 2 2 0
气 8 0 0 1 7
丰 5 0 0 0 0
腴 7 7 2 8 7
轻 4 7 5 1 2
止 2 1 1 0 0
害 3 0 6 0 5
萎 4 4 4 0 4
泽 3 7 1 5 4
赘 5 8 8 0 2
靡 0 0 2 1 1
欲 8 7 6 8 2
智 8 6 6 0 0
垂 2 0 1 0 5
甲 6 0 5 0 0
腺 7 6 2 9 2
寡 3 0 2 2 7
喜 4 0 6 0 1
静 5 7 2 5 7
兴 9 0 8 0 1
奋 4 0 6 0 8
他 2 4 2 1 2
天 1 0 8 0 4
殖 1 4 2 1 2
叶 6 4 0 0 0
离 0 0 2 2 7
松 4 8 9 3 2
弛 1 4 2 1 2
虚 2 1 2 1 2
便 2 1 2 4 6
稀 2 4 9 2 7
溏 3 0 1 6 5
纵 2 8 1 0 0
替 5 5 6 0 8
格 4 7 9 6 4
青 5 0 2 2 7
壮 3 4 1 1 0
规 5 7 8 1 2
律 2 5 2 0 7
富 3 0 6 0 6
扩 5 0 0 0 0
张 1 2 2 3 4
紫 2 2 9 0 3
纹 2 0 1 4 0
蜘 5 6 1 0 0
蛛 5 5 1 9 0
痣 0 0 1 3 1
脏 7 0 2 1 4
旺 6 1 0 1 4
盛 5 3 1 0 2
斗 3 4 0 0 0
室 3 0 1 0 4
胰 7 5 2 8 2
岛 2 7 7 2 7
甘 4 4 7 7 0
油 3 5 1 6 0
莘 4 4 4 0 1
粗 9 7 9 1 2
荻 4 4 2 8 9
抵 5 2 0 4 0
抗 5 0 0 1 7
厚 7 1 2 4 7
躯 2 1 2 1 4
质 7 2 2 8 2
醇 1 0 6 4 7
游 3 8 1 4 7
固 6 0 6 0 4
辨 0 0 4 4 1
偏 2 3 2 2 7
帝 0 0 2 2 7
薄 4 4 1 4 2
秘 2 3 9 0 4
粱 3 3 9 0 4
典 5 5 8 0 1
棘 5 5 9 9 2
瘦 0 0 1 4 7
肌 7 7 2 1 0
迟 3 7 3 0 8
介 8 0 2 2 0
充 0 0 2 1 2
沛 3 5 1 2 7
禀 0 0 9 0 1
赋 7 3 8 4 0
羽 1 7 1 2 0
头 3 4 8 0 0
廉 0 0 2 3 7
小 9 0 0 0 0
肩 3 0 2 2 7
容 3 0 6 0 8
痰 0 0 1 8 9
湿 3 6 1 1 2
滞 3 4 1 2 7
清 3 5 1 2 7
排 5 1 0 1 1
毒 5 0 7 5 7
淤 3 8 1 3 3
雄 4 0 7 1 5
只 6 0 8 0 0
集 2 0 9 0 4
聚 1 7 2 3 2
衰 0 0 7 3 2
竟 0 0 2 1 2
尝 9 0 7 3 2
手 2 0 5 0 0
远 3 1 3 0 1
寿 5 0 3 4 0
命 8 0 6 2 7
撰 5 7 0 8 1
授 5 2 0 4 7
悉 2 0 3 3 9
尼 7 7 2 1 2
技 5 4 0 4 7
撑 5 9 0 5 2
计 3 4 7 0 0
划 5 2 0 0 0
疆 1 1 1 1 6
设 3 7 7 4 7
兵 7 2 8 0 1
团 6 0 2 4 0
吾 1 0 6 0 1
尔 2 7 9 0 2
闫 3 7 1 0 1
贻 7 3 8 6 0
忠 5 0 3 3 6
郭 0 7 4 2 7
淑 3 7 1 4 0
霞 1 0 2 4 7
刘 0 2 4 0 0
佳 2 4 2 1 4
铭 8 7 7 6 2
眉 7 7 2 6 7
李 4 0 4 0 7
刚 7 2 2 0 0
牛 2 5 0 0 0
丁 1 0 2 0 0
景 6 0 9 0 6
陈 7 4 2 9 4
洁 3 4 1 6 1
婷 4 0 4 2 1
马 7 7 1 2 7
儒 2 1 2 2 7
林 4 4 9 9 0
恒 9 1 0 1 6
摘 5 0 0 2 7
机 4 7 9 1 0
射 2 4 2 0 0
照 6 7 3 3 6
回 6 0 6 0 0
析 4 2 9 2 1
挥 5 7 0 5 4
课 3 6 7 9 4
揭 5 6 0 2 7
喀 6 3 0 6 4
什 2 4 2 0 0
伽 2 6 2 0 0
县 7 7 7 3 2
江 3 1 1 1 2
巴 7 7 7 1 7
孜 1 8 4 4 0
乡 2 0 2 0 2
访 3 0 7 2 7
名 2 7 6 0 2
匹 7 1 7 1 1
配 1 7 6 1 7
备 2 7 6 0 4
酯 1 2 6 6 1
盂 1 0 1 0 2
模 4 4 9 8 4
割 3 2 6 0 0
条 2 7 9 0 4
件 2 5 2 0 0
妊 4 2 4 1 4
娠 4 1 4 3 2
妇 4 7 4 7 0
核 4 0 9 8 2
感 5 3 3 3 0
卷 9 0 7 1 2
坐 8 8 1 0 4
算 8 8 4 4 6
仪 2 4 2 0 3
剂 0 2 2 0 0
盒 8 0 1 0 2
西 1 0 6 0 4
唐 0 0 2 6 5
批 5 2 0 1 0
英 4 4 8 0 5
朗 3 7 7 2 0
北 1 2 1 1 0
京 0 0 9 0 6
股 7 7 2 4 7
份 2 8 2 2 7
软 4 7 5 8 2
秩 2 5 9 8 0
字 3 0 4 0 7
般 2 7 4 4 7
构 4 7 9 2 0
缩 2 3 1 6 2
舒 8 7 6 2 2
百 1 0 6 0 2
否 1 0 6 0 9
吸 6 7 0 4 7
酒 3 1 1 6 4
独 4 5 2 3 6
习 1 7 1 2 0
惯 9 7 0 8 2
燥 9 6 8 9 4
劣 9 0 4 2 7
落 4 4 1 6 4
烤 9 4 8 2 7
馕 2 5 7 3 2
膳 7 8 2 6 1
立 0 0 1 0 8
嘉 4 0 4 6 1
秀 2 0 2 2 7
娟 4 6 4 2 7
靶 4 7 5 1 7
器 6 6 6 6 8
官 3 0 7 7 7
敏 8 8 7 4 0
抑 5 7 0 2 0
酪 1 7 6 6 4
氨 8 0 4 1 7
酶 1 8 6 5 7
底 0 0 2 4 2
刺 5 2 9 0 0
脉 7 3 2 9 2
粥 1 7 2 2 7
硬 1 1 6 4 6
栓 4 8 9 1 4
苏 4 4 3 3 0
厅 7 1 2 2 1
奎 4 0 1 0 4
洪 3 4 1 8 1
艳 5 7 0 1 7
梁 3 3 9 0 4
军 3 7 5 0 4
倩 2 5 2 2 7
邱 7 7 1 2 7
勤 4 4 1 2 7
东 4 0 9 0 4
卞 0 0 2 3 0
颈 1 1 1 8 2
腾 7 9 2 2 7
飞 1 2 0 1 3
邹 2 7 1 2 7
彩 2 2 9 2 2
索 4 0 9 0 3
校 4 0 9 4 8
叠 7 7 1 0 2
互 1 0 1 0 2
钳 8 4 7 7 0
夹 5 0 8 0 0
操 5 6 0 9 4
费 5 5 8 0 2
昂 6 0 7 2 7
许 3 8 7 4 0
简 8 8 2 2 7
拟 5 8 0 0 0
详 3 8 7 5 1
伦 2 8 2 1 2
齐 0 0 2 2 4
剔 6 2 2 0 0
潜 3 5 1 6 8
块 4 5 1 8 0
畸 6 4 0 2 1
保 2 6 2 9 4
双 7 7 4 4 0
眼 6 7 0 3 2
喉 6 7 0 8 4
脱 7 8 2 1 2
鞋 4 4 5 1 4
衣 0 0 7 3 2
站 0 1 1 6 0
脚 7 7 2 2 0
匀 2 7 1 2 0
呼 6 2 0 4 9
髂 7 3 2 6 4
嵴 2 2 7 2 7
肋 7 4 2 2 7
缘 2 7 1 3 2
连 3 4 3 0 5
盆 8 0 1 0 2
径 2 7 2 1 2
汞 1 0 9 0 2
柱 4 0 9 1 4
袖 3 5 2 6 0
右 4 0 6 0 0
臂 7 0 2 2 7
隔 7 1 2 2 7
晚 6 7 0 1 2
禁 4 4 9 0 1
晨 6 0 2 3 2
肘 7 4 2 0 0
玻 1 4 1 4 7
璃 1 0 1 2 7
温 3 6 1 1 2
凝 3 7 1 8 1
罗 6 0 2 0 7
氏 7 2 7 4 0
德 2 4 2 3 1
叉 7 7 4 0 3
乘 2 0 9 0 1
假 2 7 2 4 7
侧 2 2 2 0 0
五 1 0 1 0 2
纳 2 4 1 2 7
余 8 0 9 0 4
睡 6 2 0 1 5
眠 6 7 0 4 7
停 2 0 2 2 1
歇 6 7 7 8 2
氧 8 0 5 1 7
累 6 0 9 0 3
朱 2 5 9 0 0
袁 4 0 7 3 2
杨 4 7 9 2 7
燃 9 3 8 3 8
耳 1 0 4 0 0
儿 2 2 0 1 0
童 0 0 1 0 5
横 4 4 9 8 6
瞻 6 7 0 6 1
房 3 0 2 2 7
沙 3 9 1 2 0
汀 3 1 1 2 0
肽 7 4 2 3 0
梗 4 1 9 4 6
卒 0 0 4 0 8
安 3 0 4 0 4
越 4 3 8 0 5
深 3 7 1 9 4
赖 5 7 9 8 2
优 2 3 2 1 2
慰 7 4 3 3 0
胍 7 2 2 3 0
补 3 3 2 0 0
诸 3 4 7 6 0
品 6 0 6 6 0
片 2 2 0 2 7
幅 4 1 2 6 6
给 2 8 1 6 1
予 1 7 2 0 2
磺 1 4 6 8 6
脲 7 7 2 9 2
噻 6 3 0 1 4
唑 6 8 0 1 4
烷 9 3 8 1 2
酮 1 7 6 2 0
吡 6 2 0 1 0
嗪 6 5 0 9 4
盲 0 0 6 0 1
阿 7 1 2 2 0
卡 2 1 2 3 1
波 3 4 1 4 7
旦 6 0 1 0 0
再 1 0 4 4 7
顾 7 1 2 8 2
迄 3 8 3 0 1
今 8 0 2 0 7
冠 3 7 2 1 4
绞 2 0 1 4 8
痛 0 0 1 2 7
楚 4 4 8 0 1
某 4 4 9 0 4
倚 2 4 2 2 1
慎 9 4 0 8 1
曾 8 0 6 0 6
求 4 3 9 0 9
殊 1 5 2 9 0
汇 3 1 1 1 0
措 5 4 0 6 1
暴 6 0 9 0 9
露 1 0 1 6 4
末 5 0 9 0 0
谨 3 4 7 1 5
透 3 2 3 0 2
看 2 0 6 0 5
它 3 0 7 1 2
请 3 5 7 2 7
鹏 7 7 2 2 7
磁 1 8 6 3 2
振 5 1 0 3 2
韩 4 5 4 2 7
廖 0 0 2 2 2
秋 2 9 9 8 0
尹 1 7 5 0 7
卓 2 1 4 0 6
娜 4 7 4 2 7
像 2 7 2 3 2
胜 7 5 2 1 0
梅 4 8 9 5 7
隐 7 7 2 3 7
匿 7 1 7 1 6
急 2 7 3 3 7
呕 6 1 0 1 4
吐 6 4 0 1 0
昏 7 2 6 0 4
剧 7 2 2 0 0
烈 1 2 3 3 0
睑 6 8 0 1 9
轴 4 5 5 6 0
宽 3 0 2 1 2
留 7 7 6 0 2
若 4 4 6 0 4
级 2 7 1 4 7
野 6 7 1 2 2
阐 3 7 5 0 6
玛 1 7 1 2 7
刀 1 7 2 2 0
囊 5 0 7 3 2
嗜 6 4 0 6 1
乳 2 2 4 1 0
颅 2 1 2 8 2
咽 6 6 0 0 0
蝶 5 4 1 9 4
旧 2 6 0 0 0
守 3 0 3 4 2
短 8 1 8 1 8
号 6 0 0 2 7
镜 8 0 7 1 2
迫 3 6 3 0 0
糊 9 7 9 2 0
睾 2 6 4 0 1
雌 2 0 1 1 5
孕 1 7 4 0 7
催 2 2 2 1 5
电 5 0 7 1 6
灶 9 4 8 1 0
尺 7 7 8 0 7
记 3 7 7 1 7
载 4 3 5 5 0
侵 2 7 2 4 7
袭 4 3 7 3 2
台 2 3 6 0 0
搐 5 0 0 6 3
走 4 0 8 0 1
绵 2 6 1 2 7
窦 3 0 8 0 4
钠 8 4 7 2 7
闭 3 7 2 4 1
端 0 2 1 2 7
库 0 0 2 5 4
欣 7 7 2 8 2
怕 9 6 0 0 2
冷 3 8 1 3 2
膜 7 4 2 8 4
左 4 0 1 0 2
崩 2 2 2 2 7
偿 2 9 2 3 2
跃 6 2 1 8 4
演 3 3 1 8 6
决 3 5 1 8 0
拉 5 0 0 1 8
斯 4 2 8 2 1
哥 1 0 6 2 1
太 4 0 0 3 0
争 2 7 5 0 7
伤 2 8 2 2 7
么 2 0 7 3 2
久 2 7 8 0 0
故 4 8 6 4 0
弱 1 7 1 2 7
框 4 1 9 1 1
架 4 6 9 0 4
罕 3 7 4 0 1
拓 5 1 0 6 2
边 3 4 3 0 2
晰 6 2 0 2 1
蔽 4 4 2 4 8
园 6 0 2 1 2
姜 8 0 4 0 4
蕾 4 4 6 0 1
举 9 0 5 0 8
茨 4 4 1 8 2
默 6 3 3 8 4
铬 8 7 7 6 4
醛 1 4 6 1 4
添 3 1 1 3 8
峰 2 7 7 5 4
昼 7 7 1 0 6
夜 0 0 2 4 7
午 8 0 4 0 0
硫 1 0 6 1 2
氢 8 0 1 1 7
郁 4 7 2 2 7
湾 3 0 1 2 7
约 2 7 1 2 0
忽 2 7 3 3 2
移 2 7 9 2 7
觉 9 0 2 1 2
髓 7 4 2 3 2
淋 3 4 1 9 0
尸 7 7 2 0 7
茶 4 4 9 0 4
酚 1 8 6 2 7
胺 7 3 2 4 4
掩 5 4 0 1 6
羟 8 7 5 1 2
篇 8 8 2 2 7
唾 6 2 0 1 5
米 9 0 9 0 4
捷 5 5 0 8 1
钾 8 6 7 5 0
牵 4 0 5 0 2
误 3 6 7 8 4
益 8 0 1 0 2
避 3 0 3 0 4
滴 3 0 1 2 7
膦 7 9 2 5 9
勃 4 4 4 2 7
龙 4 3 0 1 4
疏 1 0 1 1 2
折 5 2 0 2 1
宣 3 0 1 0 6
淼 1 2 9 9 2
颖 2 1 9 8 2
筠 8 8 1 2 7
博 4 3 0 4 2
宋 3 0 9 0 4
永 3 0 9 0 2
珍 1 8 1 2 2
钙 8 1 7 2 7
奇 4 0 6 2 1
碱 1 3 6 5 0
磷 1 9 6 5 9
石 1 0 6 0 2
胶 7 0 2 4 8
胸 7 7 2 2 0
椎 4 0 9 1 5
脆 7 7 2 1 2
髋 7 3 2 1 2
坏 4 1 1 9 0
丢 2 0 7 3 2
威 5 3 2 0 0
胁 7 4 2 3 0
卵 7 7 7 2 0
巢 2 2 9 0 4
宫 3 0 6 0 6
肠 7 7 2 2 7
氮 8 0 8 1 7
咪 6 9 0 9 4
灰 4 0 8 0 9
焦 2 0 3 3 1
凋 3 7 1 2 0
门 3 7 0 0 1
符 8 8 2 4 3
填 4 4 1 8 1
旁 0 0 2 2 7
忌 1 7 3 3 1
亢 0 0 2 1 7
惠 5 0 3 3 3
元 1 0 2 1 2
诺 3 4 7 6 4
爱 2 0 4 0 7
农 4 0 7 3 2
厂 7 1 2 0 0
冰 3 2 1 9 0
箱 8 8 9 6 3
储 2 4 2 6 0
打 5 1 0 2 0
印 7 7 7 2 0
胀 7 2 2 3 4
瘙 0 0 1 3 6
痒 0 0 1 5 1
香 2 0 6 0 9
港 3 4 1 1 7
仿 2 0 2 2 7
换 5 7 0 8 4
献 4 3 2 8 4
颌 8 1 6 8 2
颤 0 1 1 8 2
护 5 3 0 0 7
混 3 6 1 1 2
兼 8 0 2 3 7
启 3 0 2 6 7
荷 4 4 2 2 1
残 1 3 2 5 0
修 2 7 2 2 2
锌 8 0 7 4 1
灵 1 7 8 0 9
霖 1 0 9 9 4
遵 3 8 3 0 4
循 2 2 2 6 4
码 1 7 6 2 7
章 0 0 4 0 6
编 2 3 1 2 7
脯 7 3 2 2 7
冬 2 7 3 0 3
刻 0 2 8 0 0
苷 4 4 7 7 4
愿 7 1 2 3 9
妥 2 0 4 0 4
借 2 4 2 6 1
毅 0 7 2 4 7
贾 1 0 8 0 2
伟 2 5 2 2 7
滤 3 1 1 3 1
泡 3 7 1 1 2
漏 3 7 1 2 7
绍 2 7 1 6 2
雷 1 0 6 0 1
夫 5 0 8 0 0
悸 9 2 0 4 7
汗 3 1 1 4 0
诱 3 2 7 2 7
泻 3 7 1 2 7
巯 1 0 1 1 2
赛 3 0 8 0 2
乐 7 2 9 0 4
克 4 0 2 1 2
遂 3 8 3 0 3
咳 6 0 0 8 2
畏 6 0 7 3 2
寒 3 0 3 0 3
潮 3 7 1 2 0
瞬 6 2 0 5 2
辐 4 1 5 6 6
凑 3 5 1 8 4
舌 2 0 6 0 4
震 1 0 2 3 2
触 2 5 2 3 6
音 0 0 6 0 1
瓣 0 0 4 4 1
闻 3 7 4 0 1
丙 1 0 2 2 7
谷 8 0 6 0 8
酰 1 4 6 1 2
声 4 0 2 0 7
洗 3 4 1 1 2
普 8 0 6 0 1
勒 4 4 5 2 7
稍 2 9 9 2 7
欠 2 7 8 0 2
峡 2 5 7 8 0
弥 1 7 2 9 2
漫 3 6 1 4 7
锝 8 6 7 4 1
腔 7 3 2 1 2
穿 3 0 2 4 1
氯 8 0 9 1 7
涂 3 8 1 9 4
尖 9 0 8 0 4
返 3 2 3 0 4
壁 7 0 1 0 4
板 4 2 9 4 7
胎 7 3 2 6 0
胚 7 1 2 1 9
卧 7 3 7 0 0
慌 9 4 0 1 2
闷 3 7 3 3 1
盈 1 7 1 0 2
叩 6 7 0 2 0
浊 3 5 1 3 6
嗽 6 7 0 8 2
背 1 2 2 2 7
辅 4 3 5 2 7
描 5 4 0 6 0
恢 9 4 0 8 9
火 9 0 8 0 0
芽 4 4 2 4 1
凸 7 7 7 7 7
浸 3 7 1 4 7
贮 7 3 8 1 2
馈 2 5 7 8 2
碘 1 5 6 8 1
镇 8 4 7 8 1
呋 6 5 0 8 0
螺 5 6 1 9 3
山 2 2 7 7 0
樊 4 4 8 0 4
云 1 0 7 3 2
井 5 5 0 0 0
岩 2 2 6 0 2
幼 2 4 7 2 7
兆 3 2 1 1 3
顺 2 1 0 8 2
菊 4 4 9 2 7
丽 1 0 2 2 7
荣 4 4 9 0 4
玲 1 8 1 3 2
潍 3 0 1 1 5
坊 4 0 1 2 7
踪 6 3 1 9 1
剖 0 2 6 0 0
窘 3 0 6 0 7
母 7 7 7 5 0
婴 7 7 4 0 4
怀 9 1 0 9 0
娩 4 7 4 1 2
贫 8 0 8 0 2
频 2 1 2 8 2
遍 3 3 3 0 2
投 5 7 0 4 7
缪 2 7 1 2 2
琳 1 4 1 9 0
翼 1 7 8 0 1
琼 1 0 1 9 6
柏 4 6 9 0 2
凯 2 7 7 1 0
睿 2 1 6 0 8
汉 3 7 1 4 0
休 2 4 2 9 0
息 2 6 3 3 0
咖 6 6 0 0 0
啡 6 1 0 1 1
弓 1 7 0 2 7
丸 5 0 0 1 7
盘 2 7 1 0 2
孟 1 7 1 0 2
苯 4 4 2 3 4
录 1 7 9 0 9
鼠 7 7 7 1 2
喂 6 6 0 3 2
蔗 4 4 2 3 7
承 1 7 2 3 2
刊 1 2 4 0 0
艾 4 4 4 0 0
鲁 2 7 6 0 1
哪 6 7 0 2 7
队 7 8 2 0 0
途 3 8 3 0 9
菁 4 4 2 2 7
哺 6 3 0 2 7
真 4 0 8 0 1
姓 4 5 4 1 0
拼 5 8 0 4 1
序 0 0 2 2 2
虎 2 1 2 1 7
翟 1 7 2 1 5
迪 3 5 3 0 6
珠 1 5 1 9 0
璐 1 7 1 6 4
耀 9 7 2 1 5
燕 4 4 3 3 1
纪 2 7 1 1 7
焱 9 0 8 8 9
秦 5 0 9 0 4
孙 1 9 4 0 0
春 5 0 6 0 8
汝 3 4 1 4 0
吴 6 0 8 0 4
鸿 3 7 1 2 7
邢 1 7 4 2 7
肇 3 8 5 0 7
詹 2 7 2 6 1
琴 1 1 2 0 7
晟 6 0 2 5 3
锦 8 6 7 2 7
浙 3 2 1 2 1
央 5 0 8 0 0
攀 4 4 5 0 2
竭 0 6 1 2 7
困 6 0 9 0 4
拿 8 0 5 0 2
丧 4 0 7 3 2
溶 3 3 1 6 8
烦 9 1 8 8 2
渴 3 6 1 2 7
疲 0 0 1 4 7
孪 0 0 4 0 7
倾 2 1 2 8 2
蜜 3 0 1 3 6
谱 3 8 7 6 1
训 3 2 7 0 0
绪 2 4 1 6 0
纠 2 2 1 0 0
熟 0 5 3 3 1
册 7 7 4 4 0
宜 3 0 1 0 2
想 4 6 3 3 0
麦 5 0 4 0 7
粉 9 8 9 2 7
荞 4 4 2 2 8
丝 2 2 1 0 1
粟 1 0 9 0 4
豆 1 0 1 0 8
奶 4 7 4 2 7
植 4 4 9 1 2
链 8 4 7 3 5
鱼 2 7 1 0 6
趣 4 7 8 0 4
柔 1 7 9 0 4
韧 5 7 0 2 0
练 2 5 1 9 4
跑 6 7 1 1 2
楼 4 9 9 4 4
梯 4 8 9 2 7
跳 6 2 1 1 3
绳 2 6 1 1 6
泳 3 3 1 9 2
骑 7 4 1 2 1
车 4 0 5 0 0
登 1 2 1 0 8
哑 6 1 0 1 2
铃 8 8 7 3 2
杠 4 1 9 1 2
袋 2 3 7 3 2
械 4 3 9 5 0
搏 5 3 0 4 2
锻 8 7 7 4 7
炼 9 5 8 9 4
胃 6 0 2 2 7
副 1 2 6 0 0
渡 3 0 1 4 7
肯 2 1 2 2 7
凌 3 4 1 4 7
孩 1 0 4 8 2
束 5 0 9 0 6
酐 1 1 6 4 0
瞳 6 0 0 1 5
疼 0 0 1 3 3
痤 0 0 1 1 4
疮 0 0 1 1 2
亲 0 0 9 0 4
琪 1 4 1 8 1
福 3 1 2 6 6
权 4 7 9 4 0
昕 6 2 0 2 1
哈 6 8 0 6 1
滨 3 3 1 8 1
崔 2 2 2 1 5
岚 2 2 2 1 7
巍 2 2 4 1 3
圳 4 2 1 0 0
董 4 4 1 0 5
虹 5 1 1 1 2
傅 2 3 2 4 2
君 1 7 6 0 7
芬 4 4 2 2 7
蔚 4 4 2 4 0
巩 1 7 1 1 0
玺 2 7 1 0 3
桂 4 4 9 1 4
辉 9 7 2 5 4
嫔 4 3 4 8 1
堂 9 0 1 0 4
黎 2 7 9 0 9
仙 2 2 2 7 0
雁 7 1 2 1 5
津 3 5 1 0 7
戈 5 3 0 0 0
古 4 0 6 0 0
买 1 7 8 0 4
茹 4 4 4 6 0
郑 8 7 8 2 7
辛 0 0 4 0 1
川 2 2 0 0 0
武 1 3 1 4 0
姚 4 2 4 1 3
湘 3 6 1 0 0
雅 7 0 2 1 5
星 6 0 1 0 5
友 4 0 4 0 7
岷 2 7 7 4 7
菲 4 4 1 1 1
蒋 4 4 1 4 2
萍 4 4 1 4 9
扬 5 7 0 2 7
莹 4 4 1 0 3
田 6 0 4 0 0
季 2 0 4 0 7
夏 1 0 4 0 7
缔 2 0 1 2 7
职 1 6 4 8 0
晒 6 1 0 6 4
户 3 0 2 0 7
串 5 0 0 0 6
酵 1 4 6 4 7
涉 3 1 1 2 1
骼 7 7 2 6 4
纬 2 5 1 2 7
浅 3 3 1 5 0
酋 8 0 6 0 4
聂 1 0 4 4 7
佝 2 7 2 2 0
偻 2 9 2 4 4
霜 1 0 9 6 1
鳕 2 1 1 7 7
斜 8 4 9 0 0
臭 2 6 8 0 4
澳 3 7 1 8 4
丹 7 7 4 4 0
彦 0 0 2 2 2
栗 1 0 9 0 4
洛 3 7 1 6 4
诉 3 2 7 4 1
萘 4 4 9 0 1
迷 3 9 3 0 9
陷 7 7 2 7 7
遥 3 2 3 0 7
麻 0 0 2 9 4
醉 1 0 6 4 8
奏 5 0 8 0 4
阈 3 7 1 5 3
猝 4 0 2 4 8
曹 5 5 6 0 6
罹 6 0 9 1 5
错 8 4 7 6 1
醒 1 6 6 1 5
找 5 3 0 5 0
令 8 0 3 0 2
绑 2 7 1 2 7
距 6 1 1 1 7
铁 8 5 7 8 0
坦 4 6 1 1 0
托 5 2 0 1 4
饥 2 7 7 1 0
饿 2 3 7 5 0
旷 6 0 0 0 0
责 5 0 8 0 2
奖 3 7 8 0 4
赏 9 0 8 0 2
额 3 1 6 8 2
吻 6 7 0 2 0
狭 4 5 2 8 0
窄 3 0 2 1 1
圆 6 0 8 0 2
佩 2 7 2 1 0
戴 4 3 8 5 0
签 8 8 1 0 9
署 6 0 6 0 4
桡 4 5 9 1 2
旋 0 8 2 8 1
输 4 8 5 2 1
漂 3 1 1 9 1
贡 1 0 8 0 2
脐 7 0 2 2 4
黏 2 1 9 6 0
拮 5 4 0 6 1
己 1 7 7 1 7
褐 3 6 2 2 7
希 4 0 2 2 7
芯 4 4 3 3 0
敲 0 1 2 4 7
裂 1 2 7 3 2
跟 6 7 1 3 2
捐 5 6 0 2 7
领 8 1 3 8 2
隆 7 7 2 1 5
熊 2 2 3 3 1
伍 2 1 2 1 2
苛 4 4 6 2 1
寻 1 7 3 4 7
村 4 4 9 0 0
筹 8 8 3 4 4
笼 8 8 4 1 4
恰 9 8 0 6 1
钝 8 5 7 1 7
抢 5 8 0 1 2
救 4 8 9 4 0
摔 5 0 0 4 3
翻 2 7 6 2 0
繁 8 8 9 0 3
瑚 1 7 1 2 0
痴 0 0 1 6 0
呆 6 0 9 0 4
癫 0 0 1 8 2
痫 0 0 1 2 7
执 5 5 0 1 7
销 8 9 7 2 7
勿 2 7 2 2 0
尢 4 0 0 1 2
町 6 1 0 2 0
倡 2 6 2 6 0
裁 4 3 7 5 0
懈 9 7 0 5 2
樟 4 0 9 4 6
妍 4 1 4 4 0
潘 3 2 1 6 9
钧 8 7 7 2 0
鑫 8 0 1 1 9
蕙 4 4 3 3 3
秉 2 0 9 0 7
银 8 7 7 3 2
佑 2 4 2 6 0
汤 3 7 1 2 7
旭 4 6 0 1 0
磊 1 0 6 6 2
邓 7 7 4 2 7
聪 1 8 4 3 6
勇 1 7 4 2 7
翁 8 0 1 2 7
孝 4 4 4 0 7
辽 3 7 3 0 2
晶 6 0 6 6 0
敖 5 8 2 4 0
饲 2 7 7 2 0
迹 3 0 3 0 3
扮 5 8 0 2 7
纽 2 7 1 1 2
材 4 4 9 0 0
购 7 7 8 2 0
屏 7 7 2 4 1
荧 4 4 8 0 9
宝 3 0 1 0 3
碧 1 6 6 0 2
兔 2 7 4 1 3
辣 0 5 4 9 6
羊 8 0 5 0 1
灭 1 0 8 0 9
插 5 2 0 7 7
冻 3 4 1 9 4
腓 7 1 2 1 1
尾 7 7 2 1 4
滋 3 8 1 3 2
甩 7 7 2 1 2
孔 1 2 4 1 0
剪 8 0 2 2 7
碎 1 0 6 4 8
馆 2 3 7 7 7
装 3 4 7 3 2
封 4 4 1 0 0
孵 7 2 7 4 7
曝 6 6 0 9 9
掘 5 7 0 7 2
泱 3 5 1 8 0
钱 8 3 7 5 0
泓 3 2 1 3 0
洋 3 8 1 5 1
雪 1 0 1 7 7
溃 3 5 1 8 2
疡 0 0 1 2 7
愈 8 0 3 3 2
烂 9 8 8 1 1
趾 6 1 1 1 0
脓 7 4 2 3 2
跖 6 1 1 6 2
阵 7 4 2 5 0
浮 3 2 1 4 7
貌 2 6 2 1 2
散 4 8 2 4 0
脾 7 6 2 4 0
凹 7 7 7 7 0
镊 8 1 7 4 7
踝 6 6 1 9 4
渗 3 3 1 2 2
跗 6 4 1 0 0
草 4 4 4 0 6
肱 7 4 2 3 2
斑 1 1 1 1 4
咬 6 0 0 4 8
霉 1 0 7 5 7
硝 1 9 6 2 7
悬 7 7 3 3 3
梨 2 2 9 0 4
褪 3 7 2 3 3
挽 5 7 0 1 2
蔓 4 4 4 0 7
净 3 7 1 5 7
迁 3 2 3 0 4
薇 4 4 2 4 8
殷 2 7 2 4 7
淇 3 4 1 8 1
镁 8 8 7 8 4
吲 6 2 0 0 0
哚 6 7 0 9 4
痉 0 0 1 1 2
挛 0 0 5 0 2
眩 6 0 0 3 2
晕 6 0 5 0 4
粘 9 1 9 6 0
冒 6 0 6 0 0
木 4 0 9 0 0
钟 8 5 7 0 6
妹 4 5 4 9 0
劳 4 4 4 2 7
秒 2 9 9 2 0
姐 4 7 4 1 2
俩 2 1 2 2 7
莫 4 4 8 0 4
聋 4 3 4 0 1
颗 6 1 9 8 2
袢 3 9 2 5 0
泄 3 4 1 1 7
吉 4 0 6 0 1
仑 8 0 7 1 2
靠 2 4 1 1 1
甾 2 2 6 0 3
杏 4 0 6 0 9
欢 7 7 4 8 2
蔡 4 4 9 0 1
劲 1 4 1 2 7
蒙 4 4 2 3 2
凉 3 0 1 9 6
懒 9 7 0 8 2
啰 6 6 0 2 7
套 4 0 7 3 2
淀 3 3 1 8 1
羧 8 3 5 4 7
淡 3 9 1 8 9
腮 7 6 2 3 0
挤 5 0 0 2 4
灌 3 4 1 1 5
驱 7 1 1 1 4
寄 3 0 6 2 1
虫 5 0 1 3 6
士 4 0 1 0 0
胱 7 9 2 1 2
姝 4 5 4 9 0
锴 8 2 7 6 2
菘 4 4 9 3 2
巾 4 0 2 2 7
浦 3 3 1 2 7
缠 2 0 1 1 5
塑 8 7 1 0 4
楠 4 4 9 2 7
杰 4 0 3 3 9
慧 5 5 3 3 7
拜 2 1 5 5 0
敦 0 8 4 4 0
忧 9 3 0 1 2
摒 5 7 0 4 1
裔 0 0 2 2 7
祖 3 7 2 1 2
悦 9 8 0 1 2
鞍 4 3 5 4 4
韦 5 0 0 2 7
邻 8 7 3 2 7
伊 2 7 2 0 7
攻 1 8 1 4 0
绒 2 3 1 5 0
烯 9 4 8 2 7
犯 4 7 2 1 2
颞 1 1 4 8 2
里 6 0 1 0 5
遇 3 6 3 0 2
痹 0 0 1 2 1
腋 7 0 2 4 7
漠 3 4 1 8 4
痿 0 0 1 4 4
乃 1 7 2 2 7
桥 4 2 9 2 8
柄 4 1 9 2 7
扫 5 7 0 7 0
弄 1 0 4 4 1
恩 6 0 3 3 0
仔 2 7 2 4 7
商 0 0 2 2 7
榷 4 4 9 1 5
脊 3 2 2 2 7
七 4 0 7 1 0
递 3 8 3 0 2
孢 1 7 4 1 2
呤 6 8 0 3 2
昔 4 4 6 0 1
溴 3 6 1 8 4
亭 0 0 2 0 1
八 8 0 0 0 0
警 4 8 6 0 1
惕 9 6 0 2 7
泼 3 3 1 4 7
九 4 0 0 1 7
谜 3 9 7 3 9
怡 9 3 0 6 0
锡 8 6 7 2 7
蓄 4 4 6 0 3
绘 2 8 1 3 2
甜 2 4 6 7 0
腻 7 3 2 4 0
俊 2 3 2 4 7
梭 4 3 9 4 7
霍 1 0 2 1 5
孤 1 2 4 3 0
姑 4 4 4 6 0
吕 6 0 6 0 0
雨 1 0 2 2 7
掌 9 0 5 0 2
握 5 7 0 1 4
抖 5 4 0 0 0
嘶 6 2 0 2 1
吞 1 0 6 0 8
疤 0 0 1 1 7
痕 0 0 1 3 2
扪 5 7 0 2 0
偶 2 6 2 2 7
扰 5 3 0 1 2
呢 6 7 0 1 2
圈 6 0 7 1 2
簇 8 8 2 8 4
佐 2 4 2 1 2
融 1 5 2 3 6
彻 2 7 2 2 0
虞 2 1 2 8 4
乙 1 7 7 1 0
愚 6 0 3 3 2
烧 9 5 8 1 2
蚀 2 5 7 3 6
蜡 5 4 1 6 1
枚 4 8 9 4 0
贬 7 2 8 3 2
摆 5 6 0 3 2
阅 3 7 2 1 2
遭 3 5 3 0 6
泵 1 0 9 0 2
督 2 7 6 0 4
拒 5 1 0 1 7
礼 3 2 2 1 0
稿 2 0 9 2 7
牧 2 8 5 4 0
贯 7 7 8 0 2
贴 7 1 8 6 0
菱 4 4 4 0 7
株 4 5 9 9 0
伯 2 6 2 0 2
剥 1 2 9 0 0
啶 6 3 0 8 1
啉 6 4 0 9 0
酗 1 2 6 7 0
荟 4 4 7 3 2
萃 4 4 4 0 8
弊 9 8 4 4 4
奈 4 0 9 0 1
莉 4 4 9 2 0
姬 4 1 4 1 2
沈 3 4 1 1 2
铨 8 8 7 1 4
肖 9 0 2 2 7
锋 8 7 7 5 4
骏 7 3 1 4 7
邵 1 7 6 2 7
肃 5 0 2 2 7
柠 4 3 9 2 1
檬 4 4 9 3 2
纸 2 2 1 4 0
竞 0 0 2 1 2
噬 6 8 0 1 8
渣 3 4 1 1 6
淘 3 7 1 2 0
汰 3 4 1 3 0
喹 6 4 0 1 4
伏 2 3 2 8 4
粪 9 0 8 0 1
潴 3 4 1 6 0
薛 4 4 7 4 1
鹿 0 0 2 1 2
函 1 7 7 7 2
孰 0 5 4 1 7
侏 2 5 2 9 0
坤 4 5 1 0 6
筱 8 8 2 4 8
瑶 1 2 1 7 2
厦 7 1 2 4 7
拍 5 6 0 0 2
矿 1 0 6 0 0
滥 3 8 1 1 2
瘾 0 0 1 3 7
迎 3 7 3 0 2
彭 4 2 1 2 2
冉 5 0 4 4 7
瑛 1 4 1 8 5
婧 4 5 4 2 7
昊 6 0 8 0 4
陶 7 7 2 2 0
蓓 4 4 2 6 1
覬 2 6 1 1 2
藜 4 4 9 0 9
芦 4 4 2 0 7
颜 0 1 2 8 2
藏 4 4 2 5 3
砜 1 7 6 1 0
杭 4 0 9 1 7
杉 4 2 9 2 2
涤 3 7 1 9 4
刮 2 2 6 0 0
倒 2 2 2 0 0
铺 8 3 7 2 7
皱 2 4 1 4 7
隙 7 9 2 9 6
饰 2 8 7 2 7
蓼 4 4 2 0 2
杖 4 5 9 0 0
衔 2 1 2 2 1
凤 7 7 2 1 0
耦 5 6 9 2 7
译 3 7 7 5 4
帕 4 6 2 0 2
遏 3 6 3 0 2
携 5 0 0 2 7
颇 4 1 2 8 2
味 6 5 0 9 0
赟 0 3 8 0 2
梢 4 9 9 2 7
泉 2 6 9 0 2
枯 4 4 9 6 0
讣 3 3 7 0 0
悼 9 1 0 4 6
曼 6 0 4 0 7
逝 3 2 3 0 2
享 0 0 4 0 7
党 9 0 2 1 2
誉 9 0 6 0 1
谊 3 3 7 1 2
奠 8 0 8 0 4
她 4 4 4 1 2
茂 4 4 2 5 3
畅 5 7 0 2 7
硕 1 1 6 8 2
办 4 0 3 3 0
班 1 1 1 1 4
届 7 7 2 6 5
篮 8 8 1 0 2
您 2 7 3 3 9
涛 3 5 1 4 0
畴 6 5 0 4 0
父 8 0 4 0 0
琐 1 9 1 8 2
牙 7 1 2 4 0
齿 2 1 7 7 2
听 6 2 0 2 1
逾 3 8 3 0 2
碑 1 6 6 4 0
稚 2 0 9 1 5
睫 6 5 0 8 1
婚 4 2 4 6 4
吗 6 7 0 2 7
勍 0 4 9 2 7
搭 5 4 0 6 1
削 9 2 2 0 0
千 2 0 4 0 0
让 3 1 7 1 0
嘌 6 1 0 9 1
汾 3 8 1 2 7
笛 8 8 6 0 5
觫 2 5 2 9 6
眭 6 4 0 1 4
伐 2 3 2 5 0
贝 7 7 8 0 2
傍 2 0 2 2 7
嗅 6 6 0 8 4
茎 4 4 1 0 2
嘧 6 3 0 7 2
驴 7 3 1 0 7
觅 2 0 2 1 2
枸 4 7 9 2 0
橼 4 7 9 3 2
池 3 4 1 1 2
轨 4 4 5 1 7
航 2 0 4 1 7
绩 2 5 1 8 2
撤 5 8 0 4 0
醚 1 9 6 3 9
埋 4 6 1 1 5
淬 3 0 1 4 8
沸 3 5 1 2 7
逃 3 2 3 0 1
掺 5 3 0 2 2
绿 2 7 1 9 9
箭 8 8 2 2 1
阔 3 7 1 6 4
瞿 6 6 2 1 5
魏 2 6 4 1 3
豚 7 1 2 3 2
扇 3 0 2 2 7
佛 2 5 2 2 7
犹 4 3 2 1 2
曙 6 6 0 6 4
啮 6 1 0 7 2
磅 1 0 6 2 7
炮 9 7 8 1 2
撼 5 3 0 3 5
塔 4 4 1 6 1
朝 4 7 4 2 0
狄 4 9 2 8 0
媛 4 2 4 4 7
驾 4 6 1 2 7
厌 7 1 2 8 4
送 3 8 3 0 8
疹 0 0 1 2 2
筋 8 8 2 2 7
败 7 8 8 4 0
蚝 5 2 1 1 4
陕 7 5 2 8 0
矗 4 0 1 1 2
宗 3 0 9 0 1
政 1 8 1 4 0
顽 1 1 2 8 2
醋 1 4 6 6 1
哮 6 4 0 4 7
鸣 6 7 0 2 7
膈 7 1 2 2 7
嘱 6 7 0 2 7
锁 8 9 7 8 2
窝 3 0 2 2 7
隗 7 6 2 1 3
铂 8 6 7 0 2
甙 4 3 7 0 0
搜 5 7 0 4 7
婉 4 3 4 1 2
缶 8 0 7 7 2
涌 3 7 1 2 7
删 7 2 4 0 0
珉 1 7 1 4 7
阜 2 7 4 0 7
徽 2 8 2 4 0
玳 1 3 1 4 0
麟 0 9 2 5 9
肼 7 5 2 0 0
枞 4 8 9 0 0
啪 6 6 0 0 2
卿 7 7 7 2 0
眦 6 2 0 1 0
陛 7 2 2 1 4
蠕 5 1 1 2 7
钴 8 4 7 6 0
喋 6 4 0 9 4
苄 4 4 2 3 0
吩 6 8 0 2 7
树 4 4 9 0 0
颁 8 1 2 8 2
湖 3 7 1 2 0
皎 2 0 6 4 8
祥 3 8 2 5 1
闵 3 7 4 0 0
苗 4 4 6 0 0
昌 6 0 6 0 0
夷 5 0 8 0 2
陵 7 4 2 4 7
馒 2 6 7 4 7
淆 3 4 1 2 7
座 0 0 2 1 4
跨 6 4 1 2 7
衍 2 1 2 2 1
募 4 4 4 2 7
氟 8 0 5 1 7
顿 5 1 7 8 2
讯 3 7 7 1 0
允 2 3 2 1 2
档 4 9 9 7 7
芪 4 4 7 4 2
螯 5 8 1 3 6
跛 6 4 1 4 7
瘀 0 0 1 3 3
衷 0 0 7 3 2
句 2 7 6 2 0
宙 3 0 6 0 5
昆 6 0 7 1 2
亮 0 0 2 1 7
盱 6 1 0 4 0
眙 6 3 0 6 0
郗 4 7 2 2 7
赢 0 0 2 1 7
河 3 1 1 2 0
灯 9 1 8 2 0
胼 7 8 2 4 1
胝 7 2 2 4 0
弯 0 0 0 2 7
胫 7 7 2 1 2
仰 2 7 2 2 0
鲑 2 4 1 1 4
屈 7 7 2 7 2
吹 6 7 0 8 2
皿 7 7 1 0 2
爬 7 7 2 3 1
镍 8 6 7 9 4
蒸 4 4 3 3 1
涡 3 6 1 2 7
荡 4 4 1 2 7
硼 1 7 6 2 0
喃 6 4 0 2 7
疱 0 0 1 1 2
鞘 4 9 5 2 7
苍 4 4 7 1 2
缝 2 7 1 3 5
霓 1 0 2 1 2
芸 4 4 7 3 2
篷 8 8 3 0 5
矮 8 2 8 4 4
腕 7 3 2 1 2
弟 8 0 2 2 7
暗 6 0 0 6 1
膝 7 4 2 9 9
嵌 2 2 7 8 2
蹼 6 2 1 8 5
骺 7 2 2 6 1
森 4 0 9 9 4
癣 0 0 1 5 1
癜 0 0 1 4 7
秃 2 0 2 1 7
刁 1 7 1 2 0
彤 7 2 4 2 2
撞 5 0 0 1 5
零 1 0 3 0 2
佼 2 0 2 4 8
疸 0 0 1 1 6
腿 7 7 2 3 3
墨 6 0 1 0 4
狼 4 3 2 3 2
笔 8 8 7 1 4
伶 2 8 2 3 2
桓 4 1 9 1 6
侠 2 5 2 8 0
梦 4 4 2 0 7
隶 5 0 9 0 9
噁 6 1 0 3 1
闪 3 7 8 0 1
烁 9 2 8 9 4
召 1 7 6 0 2
慕 4 4 3 3 8
彰 0 2 4 2 2
邀 3 8 3 0 4
仓 8 0 7 1 2
鼻 2 6 2 2 1
膨 7 2 2 2 2
阉 3 7 7 1 6
席 0 0 2 2 7
吁 6 1 0 4 0
浒 3 8 1 4 0
莱 4 4 9 0 5
沪 3 3 1 0 7
茜 4 4 6 0 4
蓝 4 4 1 0 2
漩 3 8 1 8 1
喘 6 2 0 2 7
廓 0 0 2 2 7
侯 2 7 2 8 4
邝 0 7 2 2 7
茅 4 4 2 2 2
乔 2 0 2 2 8
萌 4 4 6 2 7
汪 3 1 1 1 4
鸥 7 7 7 2 7
璠 1 2 1 6 9
雯 1 0 4 0 0
巧 1 1 1 2 7
韵 0 7 6 2 0
馨 4 7 6 0 9
俞 8 0 2 2 1
浩 3 4 1 6 1
猜 4 5 2 2 7
禹 2 0 2 2 7
耻 1 1 4 1 0
裸 3 6 2 9 4
堆 4 0 1 1 5
瓅 1 2 1 9 4
彼 2 4 2 4 7
姗 4 7 4 4 0
晃 6 0 2 1 2
芝 4 4 3 0 2
晗 6 8 0 6 2
柯 4 1 9 2 0
竹 8 8 2 2 0
腊 7 4 2 6 1
桔 4 4 9 6 1
绕 2 5 1 1 2
豪 0 0 2 3 2
客 3 0 6 0 4
御 2 7 2 2 0
谭 3 1 7 4 6
斥 7 2 2 4 1
锐 8 8 7 1 2
蹦 6 2 1 2 7
雠 2 0 2 1 5
禚 3 8 2 3 1
辫 0 0 4 4 1
籁 8 8 9 8 2
妣 4 2 4 1 0
躺 2 9 2 2 7
仞 2 7 2 2 0
泅 3 6 1 0 0
栏 4 8 9 1 1
蚓 5 2 1 0 0
付 2 4 2 0 0
匮 7 1 7 1 8
猛 4 7 2 1 2
葛 4 4 7 2 7
璞 1 2 1 8 5
涓 3 6 1 2 7
戊 5 3 2 0 0
沟 3 7 1 2 0
琦 1 4 1 2 1
顶 1 1 2 8 2
珊 1 7 1 4 0
赠 7 8 8 6 6
瓶 8 1 4 1 7
瞩 6 7 0 2 7
娓 4 7 4 1 4
鲲 2 6 1 1 2
贺 4 6 8 0 2
咯 6 7 0 6 4
疽 0 0 1 1 2
尊 8 0 3 4 6
褶 3 7 2 6 2
舟 2 7 4 4 0
杆 4 1 9 4 0
糜 0 0 2 9 4
薯 4 4 6 0 4
铜 8 7 7 2 0
尧 5 0 2 1 2
冕 6 0 4 1 2
幸 4 0 4 0 1
逻 3 6 3 0 2
辑 4 6 5 4 1
帆 4 7 2 1 0
妙 4 9 4 2 0
琰 1 9 1 8 9
诞 3 2 7 4 1
襆 3 2 2 8 5
拥 5 7 0 2 0
龈 2 7 7 3 2
亟 1 7 1 0 4
渝 3 8 1 2 1
坡 4 4 1 4 7
坪 4 1 1 4 9
坝 4 7 1 8 2
岸 2 2 2 4 1
黔 6 8 3 2 7
姆 4 7 4 5 0
俄 2 3 2 5 0
啤 6 6 0 4 0
锅 8 6 7 2 7
籍 8 8 9 6 1
栋 4 4 9 9 4
襄 0 0 7 3 2
锚 8 4 7 6 0
瓯 7 1 7 1 7
矛 1 7 2 2 2
盾 7 2 2 6 4
焕 9 7 8 8 4
乾 4 8 4 1 7
兹 8 0 7 3 2
堡 2 6 1 0 4
赫 4 4 2 3 1
杓 4 7 9 2 0
牌 2 6 0 4 0
裤 3 0 2 5 4
饼 2 8 7 4 1
舆 7 7 8 0 1
炳 9 1 8 2 7
窗 3 0 6 0 2
招 5 7 0 6 2
浪 3 3 1 3 2
播 5 2 0 6 9
猴 4 7 2 8 4
猪 4 4 2 6 0
炉 9 3 8 0 7
奥 2 7 8 0 4
娇 4 2 4 2 8
臻 1 5 1 9 4
汕 3 2 1 7 0
咸 5 3 2 0 0
矫 8 2 8 2 8
啸 6 5 0 2 7
梳 4 0 9 1 2
寅 3 0 8 0 6
鳌 5 8 1 0 6
藻 4 4 1 9 4
裨 3 6 2 4 0
榈 4 7 9 2 0
沫 3 5 1 9 0
恼 9 0 0 7 2
怎 8 0 3 3 1
屎 7 7 2 9 4
毖 2 2 3 3 4
惧 9 7 0 8 1
毫 0 0 7 1 4
摩 0 0 2 5 2
旅 0 8 2 3 2
曰 6 0 1 0 0
捃 5 7 0 6 7
冢 3 7 2 3 2
仟 2 2 2 4 0
蓟 4 4 1 2 0
粼 9 2 2 3 0
醢 1 4 6 1 2
阑 3 7 9 0 6
杯 4 1 9 9 0
憩 2 6 3 3 0
伺 2 7 2 2 0
财 7 4 8 0 0
驯 7 2 1 0 0
廊 0 0 2 2 7
襻 3 4 2 5 2
鸟 2 7 1 2 7
屑 7 7 2 2 7
铅 8 7 7 6 1
铍 8 4 7 4 7
铵 8 3 7 4 4
柳 4 7 9 2 0
伪 2 4 2 2 7
挂 5 4 0 1 4
潭 3 1 1 4 6
冽 3 2 1 0 0
郝 4 7 2 2 7
抒 5 7 0 2 2
岱 2 3 7 7 2
钢 8 7 7 2 0
翔 8 7 5 2 0
寰 3 0 7 3 2
莲 4 4 3 0 5
鸾 0 0 1 2 7
岳 7 2 7 7 2
逊 3 9 3 0 0
售 2 0 6 0 1
蓉 4 4 6 0 8
魁 2 4 5 1 0
臼 7 7 7 7 0
椭 4 4 9 2 7
耿 1 9 4 8 0
彪 2 2 2 1 2
翠 1 7 4 0 8
岑 2 2 2 0 7
赤 4 0 2 3 1
荫 4 4 2 2 7
姻 4 6 4 0 0
茵 4 4 6 0 0
坭 4 7 1 1 2
桑 7 7 9 0 4
逞 3 6 3 0 1
倪 2 7 2 1 2
臣 7 1 7 1 2
窒 3 0 1 0 4
绀 2 4 1 7 0
惹 4 4 3 3 6
冯 3 7 1 2 7
蝇 5 6 1 1 6
媒 4 4 4 9 4
玥 1 7 1 2 0
污 3 1 1 2 7
辟 7 0 2 4 1
扑 5 3 0 0 0
眶 6 1 0 1 1
琬 1 3 1 1 2
斌 0 3 4 4 0
迈 3 1 3 0 2
拣 5 5 0 9 4
瘢 0 0 1 4 7
徙 2 1 2 8 1
磨 0 0 2 6 2
庶 0 0 2 3 7
苦 4 4 6 0 4
橘 4 7 9 2 7
览 2 8 2 1 2
凭 2 2 2 1 7
酞 1 4 6 3 0
蕊 4 4 3 3 3
觟 2 4 2 1 4
阮 7 1 2 1 2
灿 9 2 8 7 0
滢 3 4 1 1 3
瓒 1 4 1 8 2
忡 9 5 0 0 6
冈 7 7 2 2 0
搴 3 0 5 0 2
翌 1 7 1 0 8
剜 3 2 2 0 0
毗 6 2 0 1 0
盯 6 1 0 2 0
滓 3 3 1 4 1
哀 0 0 7 3 2
叭 6 8 0 0 0
矧 8 2 8 0 0
埘 4 4 1 0 0
孑 1 7 4 0 7
亍 1 0 2 0 1
凶 2 2 7 7 0
睛 6 5 0 2 7
猕 4 7 2 9 2
宿 3 0 2 6 2
葚 4 4 7 1 8
椹 4 4 9 1 8
譬 7 0 6 0 1
狗 4 7 2 2 0
诚 3 3 7 5 0
掀 5 7 0 8 2
页 1 0 8 0 2
颋 1 1 4 8 2
脸 7 8 2 1 9
唇 7 1 2 6 3
喝 6 6 0 2 7
喷 6 4 0 8 2
搀 5 7 0 3 3
扶 5 5 0 8 0
枕 4 4 9 1 2
挫 5 8 0 1 4
摸 5 4 0 8 4
蓬 4 4 3 0 5
夸 4 0 0 2 7
穆 2 6 9 2 2
禤 3 6 2 2 7
歧 2 4 1 4 7
筒 8 8 2 2 7
炜 9 5 8 2 7
祝 3 6 2 1 2
芹 4 4 2 2 1
皇 2 6 1 0 4
郊 0 7 4 2 7
抚 5 1 0 1 2
腱 7 5 2 4 0
蜂 5 7 1 5 4
痂 0 0 1 6 0
剌 5 2 9 0 0
鹅 2 7 5 2 7
蔻 4 4 2 1 4
缬 2 1 1 8 2
革 4 4 5 0 6
詤 0 8 6 1 2
氰 8 0 2 1 7
膀 7 0 2 2 7
苹 4 4 4 0 9
躁 6 6 1 9 4
恍 9 9 0 1 2
惚 9 7 0 3 2
谵 3 7 7 6 1
妄 0 0 4 0 4
疝 0 0 1 7 2
忙 9 0 0 1 0
滕 7 9 2 9 9
址 4 1 1 1 0
蒂 4 4 2 2 7
宾 3 0 8 0 1
洞 3 7 1 2 0
妖 4 2 4 8 4
睐 6 5 0 9 0
舞 8 0 2 5 1
惑 5 3 3 3 0
喇 6 2 0 0 0
厄 7 1 2 1 2
卢 2 1 2 0 7
锤 8 2 7 1 5
岭 2 8 7 3 2
剑 8 2 1 0 0
滦 3 0 1 9 4
朔 8 7 4 2 0
庄 0 0 2 1 4
坨 4 3 1 1 2
荆 4 2 4 0 0
秤 2 1 9 4 9
靳 4 2 5 2 1
爽 4 0 8 0 4
筑 8 8 1 1 7
宅 3 0 7 1 4
乌 2 7 1 2 7
萨 4 4 2 0 1
俗 2 8 2 6 8
兄 6 0 2 1 2
怒 4 7 3 3 4
翩 3 7 2 2 0
涕 3 8 1 2 7
鲍 2 7 1 1 2
浑 3 7 1 5 4
瘫 0 0 1 1 5
懂 9 4 0 1 5
轮 4 8 5 1 2
卉 4 0 4 4 0
刷 7 2 2 0 0
扁 3 0 2 2 7
瀑 3 6 1 9 9
蜀 6 0 1 2 7
腈 7 5 2 2 7
呛 6 8 0 1 2
搦 5 7 0 2 7
倦 2 9 2 1 2
怠 2 3 3 3 6
炔 9 5 8 8 0
芮 4 4 2 2 7
腌 7 4 2 1 6
酥 1 2 6 9 4
疙 0 0 1 1 7
瘩 0 0 1 6 1
犁 2 2 5 0 0
杀 4 0 9 0 4
觙 2 7 2 4 7
憾 9 3 0 3 5
货 2 4 8 0 2
刹 4 2 9 0 0
喆 4 4 6 6 1
姣 4 0 4 4 8
娥 4 3 4 5 0
筏 8 8 2 5 3
画 1 0 7 7 2
侣 2 6 2 6 0
啊 6 1 0 2 0
懿 4 7 1 3 8
蓿 4 4 2 6 2
嚣 6 6 6 6 8
簖 8 8 7 2 1
骊 7 1 1 2 7
堰 4 1 1 1 4
鞲 4 5 5 4 7
甬 1 7 2 2 7
霸 1 0 5 2 7
弘 1 2 2 3 0
艺 4 4 7 1 7
簋 8 8 1 0 2
哇 6 4 0 1 4
匕 2 2 7 1 0
擦 5 3 0 9 1
罄 4 7 7 7 2
歹 1 0 2 0 7
碰 1 8 6 1 2
荨 4 4 3 4 7
扎 5 2 0 1 0
茚 4 4 7 2 7
泰 5 0 9 0 9
崇 2 2 9 0 1
驶 7 5 1 0 6
朋 7 7 2 2 0
龟 2 7 7 1 6
坎 4 7 1 8 2
嵇 2 3 9 7 2
钶 8 1 7 2 0
妮 4 7 4 1 2
皓 2 4 6 6 1
萝 4 4 2 0 7
卜 2 3 0 0 0
菔 4 4 2 4 7
硒 1 1 6 6 4
刃 1 7 3 2 0
壳 4 0 2 1 7
龚 4 3 8 0 1
苑 4 4 2 1 2
岔 8 0 7 7 2
驿 7 7 1 5 4
叫 6 2 0 0 0
票 1 0 9 0 1
赞 2 4 8 0 2
暖 6 2 0 4 7
淮 3 0 1 1 5
阎 3 7 7 7 7
琛 1 7 1 9 4
裴 1 1 7 3 2
俯 2 0 2 4 0
纱 2 9 1 2 0
裹 0 0 7 3 2
饵 2 1 7 4 0
琥 1 1 1 1 7
珀 1 6 1 0 2
鼹 7 6 7 4 4
糍 9 8 9 3 2
爨 7 7 8 0 9
拳 9 0 5 0 2
翱 2 7 4 2 0
斟 4 4 7 0 0
嗍 6 7 0 2 0
糟 9 5 9 6 6
粤 2 6 0 2 7
怪 9 7 0 1 4
婢 4 6 4 4 0
骥 7 2 1 8 1
蓑 4 4 7 3 2
咏 6 3 0 9 2
婵 4 8 4 5 6
仳 2 2 2 1 0
莎 4 4 1 2 9
弗 5 5 0 2 7
桶 4 7 9 2 7
帽 4 6 2 6 0
佴 2 1 2 4 0
桦 4 4 9 4 1
派 3 2 1 3 2
牡 2 4 5 1 0
鹤 4 7 2 2 7
煤 9 4 8 9 4
郄 4 7 7 2 7
郜 2 7 6 2 7
熔 9 3 8 6 8
耘 5 1 9 3 2
褚 3 4 2 6 0
裕 3 8 2 6 8
锂 8 6 7 1 5
铝 8 6 7 6 0
舍 8 0 6 0 4
饭 2 2 7 4 7
钻 8 1 7 6 0
瑟 1 1 3 3 4
惊 9 0 0 9 6
厥 7 1 2 8 2
釉 2 5 9 6 0
蜗 5 6 1 2 7
幽 2 2 7 7 0
萤 4 4 1 3 6
觇 2 7 6 1 2
骝 7 7 1 6 2
庞 0 0 2 1 4
牢 3 0 5 0 2
酱 3 7 6 0 4
柚 4 5 9 6 0
泊 3 6 1 0 2
纶 2 8 1 1 2
炭 2 2 8 0 9
卟 6 3 0 0 0
鸦 7 7 2 2 7
艽 4 4 4 1 7
斐 1 1 4 0 0
藉 4 4 9 6 1
契 5 7 8 0 4
爆 9 6 8 9 9
炸 9 8 8 1 1
鹄 2 7 6 2 7
郧 6 7 8 2 7
叙 8 7 9 4 0
鄂 6 7 2 2 7
胛 7 6 2 5 0
樑 4 3 9 9 4
款 4 7 9 8 2
兮 8 0 0 2 7
夯 4 0 4 2 7
谓 3 6 7 2 7
揉 5 7 0 9 4
靖 0 5 1 2 7
馏 2 7 7 6 2
痩 0 0 1 4 7
谌 3 4 7 1 8
贞 2 1 8 0 2
奔 4 0 4 4 4
拾 5 8 0 6 1
敬 4 8 6 4 0
甄 1 1 1 1 7
妤 4 7 4 2 2
浴 3 8 1 6 8
昱 6 0 1 0 8
晖 6 7 0 5 4
炯 9 7 8 2 0
街 2 1 2 2 1
府 0 0 2 4 0
晴 6 5 0 2 7
僵 2 1 2 1 6
仲 2 5 2 0 6
骗 7 3 1 2 7
邮 5 7 6 2 7
朵 7 7 9 0 4
弧 1 2 2 3 0
雾 1 0 4 2 7
煮 4 4 3 3 6
珺 1 7 1 6 7
烨 9 4 8 4 1
娄 9 0 4 0 4
晋 1 0 6 0 1
栅 4 7 9 4 0
幕 4 4 2 2 7
陪 7 0 2 6 1
倘 2 9 2 2 7
棱 4 4 9 4 7
娱 4 6 4 8 4
泪 3 6 1 0 0
抉 5 5 0 8 0
鸡 7 7 4 2 7
烃 9 7 8 1 2
咎 2 3 6 0 4
拷 5 4 0 2 7
腘 7 6 2 0 0
盗 3 7 1 0 2
抬 5 3 0 6 0
敷 5 8 2 4 0
薏 4 4 3 3 6
苡 4 4 7 8 0
芡 4 4 8 0 2
茯 4 4 2 8 4
苓 4 4 3 0 2
菝 4 4 5 4 7
葜 4 4 8 0 4
薜 4 4 2 4 1
灼 9 7 8 2 0
邪 7 7 2 2 7
拈 5 1 0 6 0
羌 8 0 5 1 2
蚕 1 0 1 3 6
砂 1 9 6 2 0
祛 3 4 2 3 2
蠲 8 6 1 2 7
枝 4 4 9 4 7
漓 3 0 1 2 7
蒲 4 4 1 2 7
瓜 7 2 2 3 0
艰 7 7 4 3 2
涩 3 7 1 1 1
杞 4 7 9 1 7
萸 4 4 8 0 7
萆 4 4 4 0 6
栀 4 2 9 1 2
熏 2 0 3 3 1
腑 7 0 2 4 0
灸 2 7 8 0 9
穴 3 0 8 0 2
盏 5 3 1 0 2
镭 8 1 7 6 1
宪 3 0 2 1 2
窖 3 0 6 0 1
暮 4 4 6 0 8
披 5 4 0 4 7
悲 1 1 3 3 1
罩 6 0 4 0 6
粲 2 7 9 0 4
蔺 4 4 2 2 7
漆 3 4 1 9 9
槽 4 5 9 6 6
旎 0 8 2 1 2
铀 8 5 7 6 0
壬 2 0 1 0 4
媲 4 6 4 1 2
柴 2 2 9 0 4
筐 8 8 7 1 1
垫 5 5 1 0 4
吟 6 8 0 2 7
勾 2 7 7 2 0
桃 4 2 9 1 3
丛 8 8 1 0 0
嚼 6 2 0 4 6
刑 1 2 4 0 0
妨 4 0 4 2 7
汽 3 8 1 1 7
甫 5 3 2 2 7
郎 3 7 7 2 7
觹 2 0 2 2 7
歌 1 7 6 8 2
哲 5 2 6 0 2
渊 3 2 1 0 0
淳 3 0 1 4 7
翰 4 8 4 2 7
莞 4 4 2 1 2
沥 3 1 1 2 7
沾 3 1 1 6 0
枉 4 1 9 1 4
诠 3 8 7 1 4
矶 1 7 6 1 0
辰 7 1 2 3 2
钦 8 7 7 8 2
侄 2 1 2 1 4
甥 2 6 1 2 7
婕 4 5 4 8 1
劼 4 4 6 2 7
钨 8 7 7 2 7
梧 4 1 9 6 1
酬 1 2 6 0 0
棉 4 6 9 2 7
拭 5 3 0 4 0
埃 4 3 1 8 4
铰 8 0 7 4 8
丈 5 0 0 0 0
痪 0 0 1 8 4
蹈 6 2 1 7 7
莨 4 4 7 3 2
菪 4 4 6 0 2
燚 9 9 8 8 9
奉 5 0 5 0 8
牺 2 1 5 6 4
牲 2 5 5 1 0
堪 4 4 1 1 8
荒 4 4 2 1 2
灾 3 0 8 0 9
瑾 1 4 1 1 5
颉 4 1 6 8 2
枪 4 8 9 1 2
妩 4 1 4 1 2
纺 2 0 1 2 7
扭 5 7 0 1 2
捕 5 3 0 2 7
涎 3 2 1 4 1
店 0 0 2 6 1
企 8 0 1 0 1
戚 5 3 2 0 0
飨 2 8 2 3 2
骆 7 7 1 6 4
驼 7 3 1 1 2
溯 3 7 1 2 0
沁 3 3 1 0 0
泸 3 1 1 0 7
骶 7 2 2 4 0
颊 5 1 8 8 2
佗 2 3 2 1 2
髌 7 3 2 8 1
踩 6 2 1 9 4
痨 0 0 1 2 7
禧 3 4 2 6 1
塌 4 6 1 2 7
拱 5 4 0 8 1
钆 8 2 7 1 0
锬 8 9 7 8 9
晔 6 4 0 4 1
藤 4 4 2 9 9
彬 4 2 9 2 2
拔 5 3 0 4 7
姿 3 7 4 0 4
掉 5 1 0 4 6
贤 2 7 8 0 2
辗 4 7 5 3 2
钰 8 1 7 1 3
玫 1 8 1 4 0
泥 3 7 1 1 2
侉 2 4 2 2 7
毁 7 7 1 4 7
苇 4 4 5 2 7
凿 3 2 7 7 2
峦 0 0 7 7 2
恤 9 7 0 1 2
苫 4 4 6 0 1
醯 1 0 6 1 2
祭 2 7 9 0 1
玮 1 5 1 2 7
滇 3 4 1 8 1
噪 6 6 0 9 4
疟 0 0 1 1 4
熬 5 8 3 3 4
夺 4 0 3 4 8
夕 2 7 2 0 0
唤 6 7 0 8 4
跌 6 5 1 8 0
禽 8 0 2 2 7
鼍 6 6 7 1 6
冀 1 2 8 0 1
瓤 0 2 7 3 0
郅 1 7 1 2 7
肚 7 4 2 1 0
椿 4 5 9 6 8
嚷 6 0 0 3 2
睦 6 4 0 1 4
蘑 4 4 2 6 2
瞢 4 4 6 0 2
赣 0 7 4 8 2
抄 5 9 0 2 0
孚 2 0 4 0 7
岬 2 6 7 5 0
谳 3 3 7 8 4
乖 2 0 1 1 2
笑 8 8 8 0 4
祎 3 5 2 2 7
垦 7 7 1 0 4
譈 0 8 6 4 0
嫁 4 3 4 3 2
椐 4 7 9 6 4
尴 4 8 0 1 1
豫 1 7 2 3 2
篙 8 8 2 2 7
裟 3 9 7 3 2
搿 2 2 5 5 0
沓 1 2 6 0 9
鲈 2 1 1 0 7
闽 3 7 1 3 6
嗣 6 7 2 2 0
撕 5 2 0 2 1
渖 3 3 1 5 6
镰 8 0 7 3 7
熹 4 0 3 3 6
隅 7 6 2 2 7
蝴 5 7 1 2 0
黜 6 2 3 7 2
黼 3 3 2 2 7
琅 1 3 1 3 2
韶 0 7 6 6 2
鲨 3 9 1 0 6
挪 5 7 0 2 7
扣 5 6 0 0 0
陋 7 1 2 1 2
嵋 2 7 7 6 7
瘘 0 0 1 4 4
腐 0 0 2 2 7
莴 4 4 2 2 7
笋 8 8 5 0 7
菠 4 4 1 4 7
菇 4 4 4 6 4
洒 3 1 1 6 4
橙 4 2 9 1 8
樱 4 7 9 4 4
莓 4 4 7 5 7
娴 4 7 4 2 0
栾 0 0 9 0 4
嘲 6 7 0 2 0
纭 2 1 1 3 2
仉 2 7 2 1 0
迭 3 5 3 0 8
纂 8 8 9 0 3
豁 3 8 6 6 8
聆 1 8 4 3 2
璨 1 7 1 9 4
盎 5 0 1 0 2
冗 3 7 2 1 7
廇 0 0 2 6 2
耶 1 7 4 2 7
煎 8 0 3 3 2
皂 2 6 7 1 4
敛 8 8 1 4 0
痢 0 0 1 2 0
萜 4 4 2 6 1
檗 7 0 9 0 4
茛 4 4 7 3 2
蛭 5 1 1 1 4
菟 4 4 4 1 3
芩 4 4 2 0 7
芎 4 4 0 2 7
玄 0 0 7 3 2
楂 4 4 9 1 6
旗 0 8 2 8 1
蝉 5 8 1 5 6
蜕 5 8 1 1 2
枳 4 6 9 8 0
芍 4 4 3 2 7
莶 4 4 1 0 9
坠 7 8 1 0 4
庚 0 0 2 8 7
砚 1 7 6 1 2
陡 7 4 2 8 1
峭 2 9 7 2 7
崭 2 2 5 2 1
妻 5 0 4 0 4
聊 1 7 4 2 0
蹒 6 4 1 2 7
跚 6 7 1 4 0
奕 0 0 8 0 4
伙 2 9 2 8 0
讶 3 1 7 4 0
逢 3 7 3 0 5
娣 4 8 4 2 7
瓦 1 0 7 1 7
铎 8 7 7 5 4
镕 8 3 7 6 8
鳞 2 9 1 5 9
畔 6 9 0 5 0
辞 2 0 6 4 1
哄 6 4 0 8 1
谈 3 9 7 8 9
肴 4 0 2 2 7
邦 5 7 0 2 7
缕 2 9 1 4 4
臧 2 3 2 5 0
你 2 7 2 9 2
援 5 2 0 4 7
榴 4 7 9 6 2
茗 4 4 6 0 2
捻 5 8 0 3 2
哭 6 6 8 0 4
闹 3 7 2 2 7
狂 4 1 2 1 4
贪 8 0 8 0 2
犆 2 4 5 1 2
犺 4 0 2 1 7
犻 4 5 2 2 7
狀 2 3 2 8 4
犲 4 4 2 0 0
狊 6 0 8 0 4
狓 4 4 2 4 7
狆 4 5 2 0 6
狉 4 1 2 1 9
狋 4 1 2 9 1
犮 4 3 4 0 7
狅 4 2 2 1 4
狌 4 5 2 1 0
犪 2 8 5 4 7
犱 4 5 2 1 7
犫 2 0 5 0 1
犵 4 8 2 1 7
狑 4 8 2 3 2
狔 4 7 2 1 2
犾 4 3 2 8 4
狏 4 8 2 1 2
犎 4 4 5 0 0
犗 2 3 5 6 5
犖 9 9 5 0 2
犌 2 7 5 4 7
犜 2 8 5 4 0
犕 2 4 5 2 7
犝 2 0 5 1 5
犢 2 4 5 8 6
犿 4 0 2 3 0
犑 2 6 5 8 4
犐 2 4 5 0 0
犔 2 8 5 1 7
犇 2 5 5 0 5
犳 4 7 2 2 0
犈 2 9 5 1 2
犘 0 0 2 5 9
犽 4 1 2 4 0
犅 2 7 5 2 0
犼 4 2 2 1 0
犛 5 8 2 5 1
犓 2 7 5 2 7
犚 7 4 5 0 0
羰 8 2 5 8 9
洱 3 1 1 4 0
慜 8 8 3 3 4
锰 8 7 7 1 2
狒 4 5 2 2 7
醣 1 0 6 6 5
璇 1 8 1 8 1
愉 9 8 0 2 1
忘 0 0 3 3 1
晾 6 0 0 9 6
捏 5 6 0 1 4
粹 9 0 9 4 8
椒 4 7 9 4 0
踏 6 2 1 6 9
皲 3 4 5 4 7
鹰 0 0 2 2 7
爪 7 2 2 3 0
榔 4 7 9 2 7
袜 3 5 2 9 0
絮 4 6 9 0 3
呃 6 1 0 1 2
沧 3 8 1 1 2
俱 2 7 2 8 1
觑 2 7 2 1 2
摇 5 2 0 7 2
逄 3 7 3 0 5
霄 1 0 2 2 7
忍 1 7 3 3 2
孓 1 7 4 0 7
栖 4 1 9 6 4
蜥 5 2 1 2 1
祯 3 1 2 8 2
萧 4 4 2 2 7
佰 2 1 2 6 2
岗 2 2 2 2 7
薪 4 4 9 2 1
蚌 5 5 1 0 0
埠 4 7 1 4 7
违 3 5 3 0 2
俐 2 2 2 0 0
鼎 2 2 2 2 7
碁 4 4 6 0 2
襟 3 4 2 9 1
湛 3 4 1 1 8
圣 7 7 1 0 4
挖 5 3 0 1 7
檀 4 0 9 1 6
稠 2 7 9 2 0
恐 1 7 3 3 1
簧 8 8 8 0 6
侨 2 2 2 2 8
祈 3 2 2 2 1
邑 6 0 7 1 7
乒 7 2 2 0 1
乓 7 2 0 3 1
劝 7 4 4 2 7
诫 3 3 7 5 0
魔 0 0 2 1 3
肆 7 5 7 0 7
虐 2 1 2 1 4
祉 3 1 2 1 0
聘 1 5 4 2 7
矩 8 1 8 1 7
纷 2 8 1 2 7
纲 2 7 1 2 0
煜 9 6 8 1 8
匡 7 1 7 1 1
叔 2 7 9 4 0
侃 2 6 2 1 2
锈 8 2 7 2 7
钼 8 6 7 0 0
烹 0 0 3 3 2
鼾 2 1 2 4 0
绸 2 7 1 2 0
惟 9 0 0 1 5
澡 3 6 1 9 4
娅 4 1 4 1 2
棣 4 5 9 9 9
脒 7 9 2 9 4
屿 2 1 7 2 7
龋 2 2 7 2 7
哒 6 4 0 3 8
哌 6 2 0 3 2
廿 4 4 7 7 0
逼 3 1 3 0 6
曦 6 8 0 5 3
蹊 6 2 1 8 4
抓 5 2 0 3 0
糕 9 8 9 3 1
髙 0 0 2 2 7
嫩 4 8 4 4 0
疣 0 0 1 1 2
蕴 4 4 1 1 2
俟 2 3 2 8 4
褥 3 1 2 4 3
勘 4 4 7 2 7
剃 8 2 2 0 0
绷 2 7 1 2 0
厘 7 1 2 1 5
钵 8 5 7 3 0
竖 2 7 1 0 8
蜷 5 9 1 1 2
猫 4 4 2 6 0
忻 9 2 0 2 1
擅 5 0 0 1 6
暎 6 4 0 8 5
晏 6 0 4 0 4
兽 8 0 6 0 1
痊 0 0 1 1 4
鸢 4 3 1 2 7
肛 7 1 2 1 2
拇 5 7 0 5 0
霆 1 0 4 0 1
雀 9 0 2 1 5
船 2 7 4 6 1
拆 5 2 0 4 1
诗 3 4 7 4 1
猬 4 6 2 2 7
搬 5 7 0 4 7
蚊 5 0 1 4 0
衄 2 7 1 1 2
昭 6 7 0 6 2
怛 9 6 0 1 0
蚴 5 4 1 2 7
汹 3 2 1 7 0
匝 7 1 7 1 2
丑 1 7 1 0 2
谋 3 4 7 9 4
酷 1 4 6 6 1
廷 1 2 4 0 1
弋 4 3 0 0 0
桌 2 1 9 0 4
嘴 6 2 0 2 7
塘 4 0 1 6 5
笪 8 8 1 0 6
焉 1 0 3 2 7
袷 3 8 2 6 1
嫣 4 1 4 2 7
废 0 0 2 4 7
哨 6 9 0 2 7
殆 1 3 2 6 0
帅 2 4 0 2 7
珩 1 1 1 2 1
颧 4 1 2 8 2
仝 8 0 1 0 2
揠 5 1 0 1 4
尘 9 0 1 0 4
鏊 5 8 1 0 9
氓 0 7 7 4 7
铮 8 7 7 5 7
